19 17
247 215
243 210
155 129
279 215
93 65
208 123
110 65
243 129
247 126
214 106
279 126
214 96
259 106
259 96
227 78
239 78
112 40
145 39
208 40
206 39
227 31
239 31
86 17
206 1
145 1
1 120
1 172
19 109
20 172
20 120
43 240
53 240
61 257
43 144
56 180
75 257
61 184
53 144
56 139
93 247
75 184
93 212
130 291
86 180
130 253
121 206
86 139
100 155
184 291
121 186
186 285
144 206
172 247
198 285
100 138
208 298
184 253
155 210
86 109
144 186
186 242
172 212
198 242
251 298
208 235
93 102
112 123
145 155
145 138
251 235
110 102
